<?xml version="1.0"?>
<opencv_storage>
<!-- random blobs in camera coordinate system -->
<cam_pts type_id="opencv-matrix">
  <rows>160</rows>
  <cols>2</cols>
  <dt>f</dt>
  <data>
    2.31936584e+002 6.13181885e+002 2.79874878e+002 6.31415833e+002
    3.29030975e+002 6.46974365e+002 3.79304565e+002 6.59827332e+002
    4.30474457e+002 6.70192200e+002 4.82216034e+002 6.78089417e+002
    5.34977295e+002 6.83768250e+002 5.87854370e+002 6.87160645e+002
    6.40904907e+002 6.88346680e+002 6.94056641e+002 6.87126099e+002
    7.46829834e+002 6.83620850e+002 7.99240173e+002 6.77832825e+002
    8.50967163e+002 6.69570251e+002 9.02105042e+002 6.58807556e+002
    9.51894226e+002 6.45958069e+002 1.00067987e+003 6.30492310e+002
    1.04811133e+003 6.12213684e+002 1.09389807e+003 5.91018555e+002
    2.17529739e+002 6.44205322e+002 2.67088440e+002 6.63862854e+002
    3.17920563e+002 6.80954773e+002 3.69964935e+002 6.94841675e+002
    4.22799316e+002 7.06010986e+002 4.76440765e+002 7.14628967e+002
    5.30852234e+002 7.20670288e+002 5.85711060e+002 7.24379272e+002
    6.40576538e+002 7.25673157e+002 6.95735474e+002 7.24601868e+002
    7.50412048e+002 7.20932129e+002 8.04584229e+002 7.14763672e+002
    8.58489502e+002 7.06106445e+002 9.11181152e+002 6.94950256e+002
    9.62795959e+002 6.81015564e+002 1.01303650e+003 6.64702942e+002
    1.06205042e+003 6.45201233e+002 1.10929529e+003 6.22898315e+002
    2.02097900e+002 6.75697937e+002 2.53387665e+002 6.97224426e+002
    3.05976379e+002 7.15285645e+002 3.59736481e+002 7.30526489e+002
    4.14468536e+002 7.42673523e+002 4.69980347e+002 7.52210815e+002
    5.26400452e+002 7.58888184e+002 5.83193787e+002 7.62832092e+002
    6.40227173e+002 7.64360168e+002 6.97414063e+002 7.63282043e+002
    7.54010803e+002 7.59562317e+002 8.10339111e+002 7.53115845e+002
    8.66144775e+002 7.43922668e+002 9.20473328e+002 7.32060120e+002
    9.73975830e+002 7.17549866e+002 1.02599792e+003 7.00058533e+002
    1.07694800e+003 6.79370361e+002 1.12566736e+003 6.55473694e+002
    1.85874359e+002 7.07663147e+002 2.38798676e+002 7.30848755e+002
    2.93168457e+002 7.50550110e+002 3.48695618e+002 7.67091675e+002
    4.05428955e+002 7.80528748e+002 4.63033752e+002 7.90851990e+002
    5.21544861e+002 7.98292542e+002 5.80398010e+002 8.02824951e+002
    6.39506958e+002 8.04383728e+002 6.98821594e+002 8.03432556e+002
    7.57680847e+002 7.99607910e+002 8.16076538e+002 7.92833069e+002
    8.73825317e+002 7.82962952e+002 9.30453186e+002 7.70546692e+002
    9.85700684e+002 7.54943970e+002 1.03935339e+003 7.35846680e+002
    1.09202222e+003 7.14081543e+002 1.14264368e+003 6.88439575e+002
    1.68218918e+002 7.39308411e+002 2.23103455e+002 7.65096985e+002
    2.79520355e+002 7.86632324e+002 3.36950287e+002 8.04634155e+002
    3.95631989e+002 8.19297485e+002 4.55428223e+002 8.30774475e+002
    5.16097107e+002 8.39105164e+002 5.77331787e+002 8.44073242e+002
    6.38541809e+002 8.45916260e+002 7.00207336e+002 8.44928467e+002
    7.61308167e+002 8.40857971e+002 8.22013977e+002 8.33724487e+002
    8.81862915e+002 8.23561890e+002 9.40461548e+002 8.09804504e+002
    9.97911499e+002 7.92990723e+002 1.05351575e+003 7.72885803e+002
    1.10808179e+003 7.48995483e+002 1.16034509e+003 7.21280945e+002
    1.48627838e+002 7.70994751e+002 2.05472809e+002 7.99231689e+002
    2.64257050e+002 8.23358521e+002 3.23898071e+002 8.43092102e+002
    3.84735321e+002 8.59068970e+002 4.47013733e+002 8.71578308e+002
    5.10001068e+002 8.80882874e+002 5.73767151e+002 8.86557861e+002
    6.37366394e+002 8.88747864e+002 7.01372864e+002 8.87596558e+002
    7.64850891e+002 8.83469116e+002 8.28032776e+002 8.75839050e+002
    8.90225830e+002 8.64985657e+002 9.51070557e+002 8.50243042e+002
    1.01051093e+003 8.32270142e+002 1.06883374e+003 8.10537964e+002
    1.12475940e+003 7.84652100e+002 1.17933557e+003 7.54463867e+002
    1.27271187e+002 8.02056335e+002 1.86547348e+002 8.33359192e+002
    2.47682205e+002 8.59952820e+002 3.09786926e+002 8.82063477e+002
    3.73051514e+002 8.99821167e+002 4.37603271e+002 9.13532654e+002
    5.03139984e+002 9.23698853e+002 5.69189331e+002 9.30246216e+002
    6.35835571e+002 9.32877747e+002 7.02267883e+002 9.31648071e+002
    7.68305054e+002 9.27375549e+002 8.34035583e+002 9.19245483e+002
    8.98720947e+002 9.07486755e+002 9.62175354e+002 8.91750732e+002
    1.02369476e+003 8.72723145e+002 1.08412793e+003 8.48917175e+002
    1.14243542e+003 8.20620422e+002 1.19899207e+003 7.87277405e+002
    1.03613403e+002 8.31371399e+002 1.65709717e+002 8.66609314e+002
    2.29262497e+002 8.96750183e+002 2.93853851e+002 9.21037354e+002
    3.59737579e+002 9.40774841e+002 4.27418213e+002 9.56124207e+002
    4.95383545e+002 9.67581848e+002 5.64402649e+002 9.74842407e+002
    6.33763916e+002 9.77964050e+002 7.02872498e+002 9.77232300e+002
    7.71600281e+002 9.72478943e+002 8.40148743e+002 9.63881165e+002
    9.07510559e+002 9.51110107e+002 9.73463074e+002 9.34230774e+002
    1.03817688e+003 9.12776794e+002 1.10064050e+003 8.87424133e+002
    1.16130457e+003 8.56089661e+002 1.21829297e+003 8.19164063e+002
    7.69443512e+001 8.58165710e+002 1.42150665e+002 8.98738403e+002
    2.08647705e+002 9.32598938e+002 2.76562531e+002 9.60373718e+002
    3.45060699e+002 9.82093994e+002 4.14933838e+002 9.99199036e+002
    4.86828003e+002 1.01210834e+003 8.46413025e+002 1.00897833e+003
    9.16862671e+002 9.95494446e+002 9.85621399e+002 9.76854736e+002
    1.05276917e+003 9.53700439e+002 1.11776367e+003 9.25425171e+002
    1.15742065e+002 9.28507385e+002 1.84966324e+002 9.67555969e+002
    2.56199921e+002 9.98726624e+002 1.06853857e+003 9.94247986e+002</data></cam_pts>
<!-- blobs in projector coordinate system -->
