<?xml version="1.0"?>
<opencv_storage>
<!-- random blobs in camera coordinate system -->
<cam_pts type_id="opencv-matrix">
  <rows>139</rows>
  <cols>2</cols>
  <dt>f</dt>
  <data>
    9.69438782e+002 3.29517334e+002 9.21045593e+002 3.17662170e+002
    8.71212585e+002 3.08292450e+002 8.20360901e+002 3.01454224e+002
    7.68725647e+002 2.96828674e+002 7.16337708e+002 2.94647339e+002
    6.63272644e+002 2.94727264e+002 6.09924744e+002 2.97463684e+002
    5.56568115e+002 3.02833771e+002 5.03144440e+002 3.10762024e+002
    4.50255859e+002 3.21081665e+002 3.97760956e+002 3.34732819e+002
    3.45941742e+002 3.51156036e+002 2.95303009e+002 3.70044403e+002
    2.45559875e+002 3.92693329e+002 1.97424957e+002 4.18837036e+002
    1.50536179e+002 4.48996094e+002 1.05469383e+002 4.82804199e+002
    9.81252380e+002 2.95767517e+002 9.31221497e+002 2.82798065e+002
    8.79807861e+002 2.72511627e+002 8.27213501e+002 2.64829102e+002
    7.73860901e+002 2.59677246e+002 7.19503906e+002 2.57030548e+002
    6.64468140e+002 2.56962463e+002 6.09211609e+002 2.59487915e+002
    5.53841492e+002 2.64925293e+002 4.98476654e+002 2.73032104e+002
    4.43604370e+002 2.83851013e+002 3.89132874e+002 2.98015503e+002
    3.35441803e+002 3.14825348e+002 2.82935577e+002 3.35057098e+002
    2.31686569e+002 3.59031799e+002 1.81772003e+002 3.86557434e+002
    1.32950531e+002 4.18847321e+002 8.68188171e+001 4.55747253e+002
    9.93645752e+002 2.61058594e+002 9.42122314e+002 2.46972717e+002
    8.88894897e+002 2.35627670e+002 8.34517883e+002 2.26964722e+002
    7.79122314e+002 2.21358734e+002 7.22915161e+002 2.18150620e+002
    6.65858948e+002 2.17825134e+002 6.08482483e+002 2.20227127e+002
    5.51003662e+002 2.25609253e+002 4.93442322e+002 2.34047729e+002
    4.36498871e+002 2.45266708e+002 3.80074371e+002 2.59747192e+002
    3.24353851e+002 2.78143677e+002 2.69926544e+002 2.99354095e+002
    2.16726288e+002 3.24724548e+002 1.65010284e+002 3.54549805e+002
    1.14511475e+002 3.88697235e+002 6.65879364e+001 4.29051544e+002
    1.00700049e+003 2.25930664e+002 9.53582520e+002 2.10465149e+002
    8.98702087e+002 1.97758041e+002 8.42322998e+002 1.88165436e+002
    7.84955017e+002 1.81565964e+002 7.26619141e+002 1.77971848e+002
    6.67316528e+002 1.77318909e+002 6.07841370e+002 1.79591278e+002
    5.48073975e+002 1.85117203e+002 4.88283356e+002 1.93822601e+002
    4.29273010e+002 2.05620316e+002 3.70539673e+002 2.21106125e+002
    3.12820953e+002 2.40011475e+002 2.56135956e+002 2.62960815e+002
    2.01000702e+002 2.89837372e+002 1.47237289e+002 3.21419556e+002
    9.56204147e+001 3.58635773e+002 4.54371490e+001 4.02455078e+002
    1.02128271e+003 1.89996277e+002 9.65803833e+002 1.72749451e+002
    9.09116028e+002 1.59042053e+002 8.50533447e+002 1.48068512e+002
    7.91130005e+002 1.40522156e+002 7.30544678e+002 1.36455673e+002
    6.69113281e+002 1.35660660e+002 6.07107849e+002 1.37774399e+002
    5.45058594e+002 1.43344955e+002 4.82831757e+002 1.52282440e+002
    4.21335083e+002 1.64694702e+002 3.60252686e+002 1.81071915e+002
    3.00507446e+002 2.00731171e+002 2.41434189e+002 2.25515167e+002
    1.84282867e+002 2.54105179e+002 1.28025940e+002 2.88855438e+002
    7.41734238e+001 3.29082611e+002 2.21786480e+001 3.76928009e+002
    1.03632275e+003 1.53356552e+002 9.79181213e+002 1.34685577e+002
    9.20193115e+002 1.19543465e+002 8.59742981e+002 1.07488358e+002
    7.97929260e+002 9.90269394e+001 7.34944702e+002 9.38463287e+001
    6.70977966e+002 9.24545822e+001 6.06558411e+002 9.44790039e+001
    5.41962708e+002 1.00188126e+002 4.77200043e+002 1.09646904e+002
    4.13087311e+002 1.22759224e+002 3.49443695e+002 1.39878021e+002
    2.87164459e+002 1.61358810e+002 2.26108414e+002 1.87339310e+002
    1.66252457e+002 2.18778015e+002 1.08601585e+002 2.55835037e+002
    5.17085762e+001 3.00843048e+002 1.05271680e+003 1.17451897e+002
    9.93535950e+002 9.61204605e+001 9.32199097e+002 7.89768219e+001
    8.69548157e+002 6.57990646e+001 8.05133240e+002 5.60796394e+001
    7.39612976e+002 5.02038689e+001 6.73112488e+002 4.80772057e+001
    6.05944519e+002 5.00641365e+001 5.38679626e+002 5.59058342e+001
    4.71175903e+002 6.56908722e+001 4.04428345e+002 7.98965836e+001
    3.38441620e+002 9.83191833e+001 2.73121582e+002 1.21474289e+002
    2.09566620e+002 1.49459625e+002 1.47427795e+002 1.82875275e+002
    1.07085168e+003 8.12615356e+001 1.00857562e+003 5.75463943e+001
    9.45351929e+002 3.80759125e+001 8.79908142e+002 2.32433090e+001
    8.13210754e+002 1.24605818e+001 5.35412903e+002 1.06434889e+001
    4.64923126e+002 2.12918358e+001 3.95127380e+002 3.60806732e+001
    3.26216675e+002 5.60387039e+001 2.57404144e+002 8.03301468e+001
    1.91483246e+002 1.10975235e+002 1.25749336e+002 1.48395142e+002
    6.28302612e+001 1.93651413e+002 1.09041199e+003 4.53234444e+001
    1.02603821e+003 1.86870747e+001 2.41526733e+002 4.00050087e+001
    1.71504135e+002 7.33164444e+001</data></cam_pts>
<!-- blobs in projector coordinate system -->
