<?xml version="1.0"?>
<opencv_storage>
<!-- random blobs in camera coordinate system -->
<cam_pts type_id="opencv-matrix">
  <rows>191</rows>
  <cols>2</cols>
  <dt>f</dt>
  <data>
    6.55340576e+002 9.32629517e+002 6.08894958e+002 9.37886353e+002
    5.61835205e+002 9.42729431e+002 5.14657410e+002 9.47182312e+002
    4.66806091e+002 9.51097412e+002 4.18475037e+002 9.54121277e+002
    3.70538666e+002 9.57138489e+002 3.22387268e+002 9.59382813e+002
    2.74653442e+002 9.60809998e+002 2.27484833e+002 9.62120483e+002
    1.82119720e+002 9.63004211e+002 6.50897888e+002 8.98676758e+002
    6.04059021e+002 9.03072144e+002 5.55989136e+002 9.06961548e+002
    5.07878296e+002 9.10540894e+002 4.59099792e+002 9.13258057e+002
    4.09560455e+002 9.15758606e+002 3.60331665e+002 9.17335449e+002
    3.11131927e+002 9.18351013e+002 2.62231781e+002 9.18851624e+002
    2.13726578e+002 9.18784546e+002 1.67223846e+002 9.18132019e+002
    1.21013504e+002 9.17028442e+002 6.48348511e+002 8.63459473e+002
    6.00517639e+002 8.66940430e+002 5.51971558e+002 8.69967041e+002
    5.02853241e+002 8.72324768e+002 4.53035797e+002 8.74172913e+002
    4.03028931e+002 8.75592163e+002 3.52420288e+002 8.76064087e+002
    3.01905487e+002 8.76121582e+002 2.52223251e+002 8.75398865e+002
    2.02537979e+002 8.73933289e+002 1.54124069e+002 8.71749084e+002
    1.07520180e+002 8.69324768e+002 6.47199402e+002 8.26920898e+002
    5.98666809e+002 8.29416748e+002 5.49354370e+002 8.31438477e+002
    4.99232574e+002 8.33011353e+002 4.48828400e+002 8.33765747e+002
    3.97850311e+002 8.34048523e+002 3.46317047e+002 8.33382568e+002
    2.94921112e+002 8.32059143e+002 2.44049667e+002 8.30081177e+002
    1.93531494e+002 8.27424744e+002 1.43833832e+002 8.23998901e+002
    9.55419464e+001 8.19687378e+002 4.88112106e+001 8.14857178e+002
    6.47424500e+002 7.89285156e+002 5.98565247e+002 7.90780090e+002
    5.48505493e+002 7.91805237e+002 4.97616272e+002 7.92045471e+002
    4.46083588e+002 7.91787720e+002 3.94345764e+002 7.90876770e+002
    3.42064484e+002 7.88978394e+002 2.89815979e+002 7.86640564e+002
    2.37658600e+002 7.83307190e+002 1.86045319e+002 7.78954102e+002
    1.35716965e+002 7.74396851e+002 8.62921143e+001 7.68589966e+002
    3.82591629e+001 7.62122620e+002 6.49004150e+002 7.50449829e+002
    5.99778137e+002 7.50790649e+002 5.49114624e+002 7.50534851e+002
    4.97534546e+002 7.49758057e+002 4.45415649e+002 7.48446533e+002
    3.92815186e+002 7.46205566e+002 3.39742981e+002 7.43372864e+002
    2.86494293e+002 7.39569580e+002 2.33859970e+002 7.34907227e+002
    1.81189331e+002 7.29490784e+002 1.30045410e+002 7.23408508e+002
    7.97164078e+001 7.15871948e+002 3.10813446e+001 7.07468201e+002
    6.51969116e+002 7.10472900e+002 6.02354797e+002 7.09616211e+002
    5.51260193e+002 7.08254822e+002 4.99264648e+002 7.06344910e+002
    4.46375366e+002 7.03538757e+002 3.93061066e+002 7.00241943e+002
    3.39197662e+002 6.95939636e+002 2.85367218e+002 6.90898376e+002
    2.31995712e+002 6.85016541e+002 1.78845825e+002 6.78127991e+002
    1.26543518e+002 6.70130798e+002 7.55230408e+001 6.61569397e+002
    2.64823456e+001 6.51467346e+002 6.56674133e+002 6.69303772e+002
    6.06421387e+002 6.67351501e+002 5.55106445e+002 6.64669006e+002
    5.02630005e+002 6.61485168e+002 4.49387543e+002 6.57557556e+002
    3.95531036e+002 6.52787537e+002 3.40887604e+002 6.47352539e+002
    2.86410004e+002 6.40827698e+002 2.32319794e+002 6.33587830e+002
    1.78645813e+002 6.25420654e+002 1.25848679e+002 6.16089355e+002
    7.45736923e+001 6.05645630e+002 2.47460747e+001 5.94164734e+002
    6.62809448e+002 6.27240417e+002 6.12311279e+002 6.24034607e+002
    5.60539063e+002 6.20088867e+002 5.07826080e+002 6.15561340e+002
    4.54128693e+002 6.10298950e+002 3.99772644e+002 6.04210144e+002
    3.44707733e+002 5.97270996e+002 2.89589874e+002 5.89425781e+002
    2.35037857e+002 5.80626831e+002 1.80793045e+002 5.70957581e+002
    1.27716125e+002 5.60061096e+002 7.61490326e+001 5.48284485e+002
    2.58359509e+001 5.35066284e+002 6.70560059e+002 5.84197205e+002
    6.19863159e+002 5.79677246e+002 5.67818481e+002 5.74438416e+002
    5.14618774e+002 5.68420715e+002 4.60725098e+002 5.61764465e+002
    4.06168732e+002 5.54259338e+002 3.50807007e+002 5.45964417e+002
    2.95221954e+002 5.36722534e+002 2.40333557e+002 5.26447571e+002
    1.85841705e+002 5.15206299e+002 1.32474976e+002 5.02540833e+002
    8.04405518e+001 4.89274536e+002 3.06930389e+001 4.74374420e+002
    6.79845032e+002 5.40533630e+002 6.29140747e+002 5.34522583e+002
    5.76871887e+002 5.27787231e+002 5.23670227e+002 5.20439636e+002
    4.69413940e+002 5.12329407e+002 4.14552673e+002 5.03390930e+002
    3.59119141e+002 4.93414490e+002 3.03587036e+002 4.82761444e+002
    2.48443390e+002 4.70998993e+002 1.93869995e+002 4.58337524e+002
    1.40426025e+002 4.44303650e+002 8.88812180e+001 4.29308258e+002
    3.89203529e+001 4.13153992e+002 6.91024109e+002 4.96127716e+002
    6.40081299e+002 4.88847595e+002 5.87777039e+002 4.80670837e+002
    5.34441956e+002 4.71766327e+002 4.80286835e+002 4.62173126e+002
    4.25313538e+002 4.51621063e+002 3.69848480e+002 4.40243652e+002
    3.14117920e+002 4.28128601e+002 2.58972382e+002 4.14624268e+002
    2.04448135e+002 4.00357117e+002 1.51536011e+002 3.84769379e+002
    9.98087769e+001 3.68882111e+002 5.04623146e+001 3.49980804e+002
    7.04304810e+002 4.51094757e+002 6.53190063e+002 4.42442413e+002
    6.00738586e+002 4.32879761e+002 5.47341370e+002 4.22523682e+002
    4.93184052e+002 4.11337280e+002 4.38356262e+002 3.99397675e+002
    3.83022797e+002 3.86435455e+002 3.27484192e+002 3.72499268e+002
    2.72642334e+002 3.57611603e+002 2.18428543e+002 3.41887604e+002
    1.65813736e+002 3.24686554e+002 1.14655312e+002 3.06319366e+002
    6.60468140e+001 2.86934174e+002 7.18591370e+002 4.06160797e+002
    6.68060608e+002 3.95901520e+002 6.15861206e+002 3.84768890e+002
    5.62502502e+002 3.72987579e+002 5.08254547e+002 3.60457397e+002
    4.53842010e+002 3.46624268e+002 3.98695618e+002 3.32074036e+002
    3.43676880e+002 3.16705688e+002 2.89222076e+002 3.00352783e+002
    2.35174957e+002 2.83054749e+002 1.83297623e+002 2.64273529e+002
    1.33169693e+002 2.44353378e+002 8.52277756e+001 2.22605408e+002
    7.35261414e+002 3.60949524e+002 6.84702576e+002 3.49060455e+002
    6.32929688e+002 3.36599396e+002 5.80167236e+002 3.23003052e+002
    5.26357910e+002 3.08863739e+002 4.72197723e+002 2.93788452e+002
    4.17151306e+002 2.77667267e+002 3.62897156e+002 2.60860413e+002
    3.09146454e+002 2.42673859e+002 2.56160126e+002 2.24116959e+002
    2.04476120e+002 2.04064651e+002 1.55295776e+002 1.82103912e+002
    1.09600914e+002 1.58312317e+002</data></cam_pts>
<!-- blobs in projector coordinate system -->
