<?xml version="1.0"?>
<opencv_storage>
<!-- random blobs in camera coordinate system -->
<cam_pts type_id="opencv-matrix">
  <rows>188</rows>
  <cols>2</cols>
  <dt>f</dt>
  <data>
    5.72259521e+002 1.14876144e+002 6.18101868e+002 1.03228394e+002
    6.64677368e+002 9.14974136e+001 7.12050537e+002 8.03219223e+001
    7.59544373e+002 6.93926086e+001 8.06714478e+002 5.88269005e+001
    8.54496521e+002 4.87300301e+001 9.02142456e+002 3.89339790e+001
    9.48566040e+002 2.97363625e+001 9.94928772e+002 2.07947598e+001
    1.03996436e+003 1.24303312e+001 5.81463440e+002 1.47988358e+002
    6.28277832e+002 1.36946487e+002 6.75794739e+002 1.26255119e+002
    7.24285706e+002 1.15960297e+002 7.72787415e+002 1.05869789e+002
    8.21523193e+002 9.62981033e+001 8.70596313e+002 8.71321869e+001
    9.19340393e+002 7.83399277e+001 9.67492920e+002 7.01182632e+001
    1.01533167e+003 6.26480751e+001 1.06159729e+003 5.51259384e+001
    5.89364136e+002 1.82462341e+002 6.36959473e+002 1.72387497e+002
    6.85268250e+002 1.62697571e+002 7.34711121e+002 1.53173584e+002
    7.84553894e+002 1.44074005e+002 8.34535828e+002 1.35490921e+002
    8.84869202e+002 1.27281761e+002 9.35022095e+002 1.19804031e+002
    9.84654785e+002 1.12660713e+002 1.03384814e+003 1.06076027e+002
    1.08185608e+003 1.00019188e+002 1.12847290e+003 9.48135910e+001
    5.95538147e+002 2.18418442e+002 6.43940552e+002 2.09294724e+002
    6.93550293e+002 2.00516953e+002 7.43763611e+002 1.91961990e+002
    7.94669495e+002 1.83991333e+002 8.45872314e+002 1.76378143e+002
    8.97390137e+002 1.69393509e+002 9.48716064e+002 1.62967499e+002
    9.99644531e+002 1.57085800e+002 1.05008789e+003 1.51834152e+002
    1.09930212e+003 1.47183853e+002 1.14748218e+003 1.43082718e+002
    6.00413757e+002 2.55745361e+002 6.49702759e+002 2.47715714e+002
    7.00120850e+002 2.39965912e+002 7.51195618e+002 2.32612869e+002
    8.03180786e+002 2.25746414e+002 8.55360840e+002 2.19329041e+002
    9.08029297e+002 2.13354187e+002 9.60436340e+002 2.08241714e+002
    1.01271545e+003 2.03572067e+002 1.06442542e+003 1.99547684e+002
    1.11493408e+003 1.96448029e+002 1.16457275e+003 1.93968536e+002
    6.03647583e+002 2.94546570e+002 6.53838928e+002 2.87622894e+002
    7.05080688e+002 2.81029480e+002 7.56992371e+002 2.74914215e+002
    8.09720886e+002 2.69144745e+002 8.63084778e+002 2.63894196e+002
    9.16849548e+002 2.59250336e+002 9.70329346e+002 2.55250107e+002
    1.02353253e+003 2.52040466e+002 1.07651501e+003 2.49359985e+002
    1.12812659e+003 2.47702499e+002 1.17860315e+003 2.46678711e+002
    1.22728760e+003 2.46746002e+002 6.05271667e+002 3.34723572e+002
    6.56398804e+002 3.28969177e+002 7.08290527e+002 3.23610626e+002
    7.60995972e+002 3.18664246e+002 8.14694946e+002 3.14238129e+002
    8.68808594e+002 3.10252319e+002 9.23584412e+002 3.06933350e+002
    9.78054382e+002 3.04312042e+002 1.03226855e+003 3.02394073e+002
    1.08610986e+003 3.01457062e+002 1.13853992e+003 3.01082672e+002
    1.18981763e+003 3.01778503e+002 1.23989014e+003 3.03649506e+002
    6.05230713e+002 3.76015350e+002 6.56939819e+002 3.71611389e+002
    7.09754333e+002 3.67539001e+002 7.63161987e+002 3.63925171e+002
    8.17446838e+002 3.60842865e+002 8.72344299e+002 3.58260529e+002
    9.27927063e+002 3.56321136e+002 9.83543274e+002 3.55182465e+002
    1.03853589e+003 3.54787476e+002 1.09310583e+003 3.55424744e+002
    1.14665173e+003 3.56717987e+002 1.19877087e+003 3.59010376e+002
    1.24887280e+003 3.62191986e+002 6.03537781e+002 4.18674500e+002
    6.55615295e+002 4.15617371e+002 7.09202454e+002 4.12929413e+002
    7.63495056e+002 4.10705231e+002 8.18278442e+002 4.08984528e+002
    8.74050232e+002 4.07777588e+002 9.30186584e+002 4.07463348e+002
    9.86350891e+002 4.07814514e+002 1.04212488e+003 4.09080750e+002
    1.09759424e+003 4.11052429e+002 1.15149695e+003 4.14179565e+002
    1.20444336e+003 4.18308441e+002 1.25511487e+003 4.23721558e+002
    6.00034973e+002 4.62361969e+002 6.52618591e+002 4.60668121e+002
    7.06550781e+002 4.59492859e+002 7.61260193e+002 4.58938843e+002
    8.16998901e+002 4.58356354e+002 8.73259644e+002 4.58946564e+002
    9.29950256e+002 4.60334808e+002 9.86833679e+002 4.62203552e+002
    1.04305322e+003 4.64937561e+002 1.09882288e+003 4.68573578e+002
    1.15346887e+003 4.73452454e+002 1.20657727e+003 4.79325317e+002
    1.25733826e+003 4.86275940e+002 5.94233093e+002 5.07043121e+002
    6.47484863e+002 5.06890869e+002 7.02017090e+002 5.07031036e+002
    7.57298096e+002 5.07772125e+002 8.13450012e+002 5.09492035e+002
    8.70332520e+002 5.11619171e+002 9.27299072e+002 5.14359192e+002
    9.84330383e+002 5.18010742e+002 1.04094348e+003 5.22595215e+002
    1.09705115e+003 5.27859619e+002 1.15145190e+003 5.34394714e+002
    1.20457703e+003 5.42075867e+002 1.25535144e+003 5.51404114e+002
    5.86485474e+002 5.52433838e+002 6.40208923e+002 5.53717102e+002
    6.95050049e+002 5.55616028e+002 7.50673584e+002 5.58359741e+002
    8.07253235e+002 5.61189026e+002 8.64164124e+002 5.65248657e+002
    9.21750549e+002 5.69585022e+002 9.79152344e+002 5.74929993e+002
    1.03575989e+003 5.81139893e+002 1.09185681e+003 5.88408081e+002
    1.14636353e+003 5.96759583e+002 1.19897095e+003 6.06449097e+002
    1.24969580e+003 6.17523499e+002 5.76599487e+002 5.98465637e+002
    6.30225891e+002 6.01483826e+002 6.85579956e+002 6.04956848e+002
    7.41111389e+002 6.09527954e+002 7.97838745e+002 6.14422241e+002
    8.55312561e+002 6.19581055e+002 9.12958557e+002 6.25946899e+002
    9.70564148e+002 6.33011047e+002 1.02713464e+003 6.41008423e+002
    1.08312671e+003 6.49967712e+002 1.13727808e+003 6.60199585e+002
    1.18951379e+003 6.71970642e+002 1.23948022e+003 6.85312500e+002
    5.64323669e+002 6.44912659e+002 6.18402771e+002 6.49553406e+002
    6.73418091e+002 6.54898254e+002 7.29410278e+002 6.60834473e+002
    7.86057678e+002 6.67470215e+002 8.43372009e+002 6.74825867e+002
    9.01084595e+002 6.82661560e+002 9.58238037e+002 6.91799622e+002
    1.01471033e+003 7.01434082e+002 1.07024341e+003 7.12312988e+002
    1.12396387e+003 7.24603271e+002 1.17498889e+003 7.38126099e+002
    1.22396008e+003 7.53619812e+002 5.49795105e+002 6.91361023e+002
    6.03562378e+002 6.97870544e+002 6.58837708e+002 7.04839966e+002
    7.14462952e+002 7.12663940e+002 7.71142273e+002 7.21073730e+002
    8.27899109e+002 7.30417480e+002 8.85348267e+002 7.40016235e+002
    9.42113647e+002 7.50693542e+002 9.97996765e+002 7.62285461e+002
    1.05293213e+003 7.75480530e+002 1.10545691e+003 7.89271179e+002
    1.15573547e+003 8.05478333e+002 1.20265491e+003 8.23436401e+002</data></cam_pts>
<!-- blobs in projector coordinate system -->
